6198
1082
9559
6461
765
5550
6455
6502
7596
6551
503
4232
6413
1322
7453
7132
9223
1459
1274
3648
2523
6204
1594
2499
5609
4912
2580
5445
6114
1132
1837
2062
4056
5098
8804
5045
3149
6225
7334
6023
2998
5941
4183
4661
3075
5871
3266
7713
5835
596
2038
4690
8316
7753
9250
18
7609
3958
9286
8852
6083
8417
4745
9959
4841
2541
7190
7770
8544
5925
1762
4630
3818
6690
5751
8310
4982
9568
8713
654
2300
3123
8219
9825
5509
8017
4130
9900
4469
7446
460
6710
5947
8217
5608
9830
2440
7230
8352
464
9334
584
8374
2682
213
2164
9197
1213
6712
9976
8864
9410
9020
869
1338
5023
5635
7395
7173
6759
8379
4971
6633
5164
7364
8671
3624
3240
6081
7827
2720
1029
9749
4950
6495
5060
447
6095
9903
3742
6606
6403
8920
3516
3977
1685
1199
8765
15
4417
6409
4503
9510
6249
641
4725
3765
1907
1386
6640
6253
2956
6024
5663
7503
2138
2184
5944
7830
8437
7578
5836
7682
9630
363
8266
8642
9009
2399
2919
7179
2229
6934
7644
5557
4477
737
471
3399
387
6632
5752
9953
645
1812
6144
6187
7902
638
2513
3370
5803
8585
9789
4921
267
5567
1943
4687
8099
9092
6054
4445
103
9087
6945
2515
9685
9721
7897
2240
4952
8146
8459
4189
8483
16
3141
2844
2719
3004
5220
9893
445
3461
3394
76
1490
8773
7415
5909
3068
7231
9772
718
5895
3956
732
9419
1089
9809
8748
9901
3024
3543
8221
7163
6927
9875
5201
2478
9835
5918
418
6684
7737
508
5729
4468
837
2453
5409
5511
2276
558
9862
7833
373
551
2032
9859
8619
6683
9968
3123
8185
6320
3417
5000
976
7058
8046
3204
4489
3981
59
5889
5498
4127
4605
2722
6317
1253
9020
9149
4690
3496
8964
6141
6413
8314
488
6139
2039
379
5616
9205
2668
4158
4884
932
6261
2642
6434
1393
8010
6262
6612
5968
9355
2753
7414
3050
6266
6353
9677
6120
4241
8536
3394
6304
3065
1820
8376
6985
1840
7153
8962
8603
9247
2623
7105
1884
361
4720
3090
5879
9996
4554
9849
2604
2441
2005
6811
5034
4694
3257
1518
821
1155
3794
8446
7806
5215
1266
2172
688
2405
8938
6033
6441
970
9758
6281
8988
733
2876
1177
717
3678
4562
4658
9670
5921
3004
314
243
6836
3006
9730
6158
5595
1067
5962
1841
5406
9324
3767
922
4267
6276
3699
7432
1902
146
3180
7889
8846
4073
104
107
809
5078
6226
7924
4725
3638
8685
1555
8135
7678
631
223
7775
5932
8062
8884
6318
7916
3716
9566
6379
1064
3340
6028
6661
1871
527
6817
4233
3103
5506
1089
7332
292
809
9093
5186
6075
3366
4516
3869
5041
8241
5281
5082
9622
1645
1719
4768
619
9416
3491
1246
144
9396
2611
6585
1382
2037
3011
6806
3150
8826
4593
8676
3874
6206
9409
3892
9191
49
3037
4100
8714
5852
3899
9270
4940
1839
8206
3936
5987
6976
7709
1819
4183
1589
8641
9999
2317
6213
6680
6805
3229
9717
4365
8978
238
4160
1568
9684
1800
3224
8451
3543
565
7829
8377
453
3401
9544
6698
4089
813
7017
5587
4702
9459
1655
4025
7561
1234
5257
1896
4443
6299
3694
1545
3895
965
1495
9149
1548
8586
7367
8220
5183
7188
5505
5883
9118
9930
3113
7109
8292
2876
7715
7683
2078
7012
2495
9437
3205
4785
3893
7463
6744
4282
4645
3364
1842
949
813
3544
5047
8514
9076
9983
5384
2475
9254
7241
227
6678
5902
1699
6360
2796
2739
6057
2813
815
7964
9025
2537
8924
7681
8456
9917
2873
6720
6234
2843
2066
2260
424
5440
4294
4305
9553
2968
3586
9052
974
8517
9030
5397
6243
6665
3710
6089
745
3608
7585
7464
3094
8747
784
8621
9099
9449
9479
9683
3956
7621
8004
7710
7913
3219
3369
2078
6721
1754
4446
2829
705
6265
3057
9159
463
8962
2479
750
7297
38
8243
6942
5256
3747
1986
8765
9596
48
7651
2386
5593
7171
1162
6356
9874
8942
9770
6146
1053
5390
9585
8578
2567
7014
5428
4928
8503
1963
1978
3006
7471
6405
5379
8060
9711
2672
6357
2308
2719
9245
9289
421
3459
7684
1961
4014
6615
9115
274
377
5542
9343
7134
3358
9319
2636
8270
4230
4126
155
2187
1826
9817
9286
4783
7647
8197
8046
153
2949
535
2702
2283
7134
5257
1243
2134
4286
1204
3086
5042
5605
9719
4681
2767
2256
9779
7048
1865
3371
1963
3628
3600
6854
3728
3913
8843
8035
8055
8062
44
7905
2653
3209
4792
3144
6317
5953
9752
2516
8345
5674
8553
3573
3594
457
5009
6726
7890
3008
9924
6135
7898
7196
6545
3106
3058
9278
7747
4140
6548
59
2099
9194
7398
5974
7903
1736
1103
9051
262
8198
8440
2404
7028
6080
9243
9269
2
528
5200
6430
2132
3544
6686
824
8409
450
9036
2793
7579
7230
6938
5709
3942
8080
2146
7143
6788
6842
5896
5988
1265
5650
528
8250
1571
7409
7981
1612
8084
3797
3352
4121
4543
6951
3203
210
972
7711
7286
5480
7740
6281
6787
8338
2092
65
1993
9313
7943
838
3618
6362
5574
975
7425
668
5800
5362
1545
3769
5248
309
8428
7192
3054
238
6625
8279
7298
8303
2642
7602
4264
2538
9976
8755
5609
2456
397
7754
1343
6435
9024
6062
1479
8445
4111
4664
6712
9737
8814
8946
7329
4206
4191
4122
6565
6926
1934
7069
4426
3058
9815
32
6852
5473
461
8840
2811
8897
163
2559
9859
512
7651
713
1702
2824
8525
2992
1871
8340
6403
8371
6585
318
8107
6784
7239
8144
8953
6879
6450
6081
7671
5206
652
8942
3077
8493
7884
9589
1653
770
4337
3902
1964
3951
5962
8776
7230
3087
214
8331
5868
9842
5603
6733
299
137
8189
8632
4897
3682
5728
8910
592
569
6476
7746
7882
3
1769
806
1030
3278
45
5176
9323
9802
2205
9082