2
3
15
16
18
32
38
44
45
48
49
59
59
65
76
103
104
107
137
144
146
153
155
163
210
213
214
223
227
238
238
243
262
267
274
292
299
309
314
318
361
363
373
377
379
387
397
418
421
424
445
447
450
453
457
460
461
463
464
471
488
503
508
512
527
528
528
535
551
558
565
569
584
592
596
619
631
638
641
645
652
654
668
688
705
713
717
718
732
733
737
745
750
765
770
784
806
809
809
813
813
815
821
824
837
838
869
922
932
949
965
970
972
974
975
976
1029
1030
1053
1064
1067
1082
1089
1089
1103
1132
1155
1162
1177
1199
1204
1213
1234
1243
1246
1253
1265
1266
1274
1322
1338
1343
1382
1386
1393
1459
1479
1490
1495
1518
1545
1545
1548
1555
1568
1571
1589
1594
1612
1645
1653
1655
1685
1699
1702
1719
1736
1754
1762
1769
1800
1812
1819
1820
1826
1837
1839
1840
1841
1842
1865
1871
1871
1884
1896
1902
1907
1934
1943
1961
1963
1963
1964
1978
1986
1993
2005
2032
2037
2038
2039
2062
2066
2078
2078
2092
2099
2132
2134
2138
2146
2164
2172
2184
2187
2205
2229
2240
2256
2260
2276
2283
2300
2308
2317
2386
2399
2404
2405
2440
2441
2453
2456
2475
2478
2479
2495
2499
2513
2515
2516
2523
2537
2538
2541
2559
2567
2580
2604
2611
2623
2636
2642
2642
2653
2668
2672
2682
2702
2719
2719
2720
2722
2739
2753
2767
2793
2796
2811
2813
2824
2829
2843
2844
2873
2876
2876
2919
2949
2956
2968
2992
2998
3004
3004
3006
3006
3008
3011
3024
3037
3050
3054
3057
3058
3058
3065
3068
3075
3077
3086
3087
3090
3094
3103
3106
3113
3123
3123
3141
3144
3149
3150
3180
3203
3204
3205
3209
3219
3224
3229
3240
3257
3266
3278
3340
3352
3358
3364
3366
3369
3370
3371
3394
3394
3399
3401
3417
3459
3461
3491
3496
3516
3543
3543
3544
3544
3573
3586
3594
3600
3608
3618
3624
3628
3638
3648
3678
3682
3694
3699
3710
3716
3728
3742
3747
3765
3767
3769
3794
3797
3818
3869
3874
3892
3893
3895
3899
3902
3913
3936
3942
3951
3956
3956
3958
3977
3981
4014
4025
4056
4073
4089
4100
4111
4121
4122
4126
4127
4130
4140
4158
4160
4183
4183
4189
4191
4206
4230
4232
4233
4241
4264
4267
4282
4286
4294
4305
4337
4365
4417
4426
4443
4445
4446
4468
4469
4477
4489
4503
4516
4543
4554
4562
4593
4605
4630
4645
4658
4661
4664
4681
4687
4690
4690
4694
4702
4720
4725
4725
4745
4768
4783
4785
4792
4841
4884
4897
4912
4921
4928
4940
4950
4952
4971
4982
5000
5009
5023
5034
5041
5042
5045
5047
5060
5078
5082
5098
5164
5176
5183
5186
5200
5201
5206
5215
5220
5248
5256
5257
5257
5281
5362
5379
5384
5390
5397
5406
5409
5428
5440
5445
5473
5480
5498
5505
5506
5509
5511
5542
5550
5557
5567
5574
5587
5593
5595
5603
5605
5608
5609
5609
5616
5635
5650
5663
5674
5709
5728
5729
5751
5752
5800
5803
5835
5836
5852
5868
5871
5879
5883
5889
5895
5896
5902
5909
5918
5921
5925
5932
5941
5944
5947
5953
5962
5962
5968
5974
5987
5988
6023
6024
6028
6033
6054
6057
6062
6075
6080
6081
6081
6083
6089
6095
6114
6120
6135
6139
6141
6144
6146
6158
6187
6198
6204
6206
6213
6225
6226
6234
6243
6249
6253
6261
6262
6265
6266
6276
6281
6281
6299
6304
6317
6317
6318
6320
6353
6356
6357
6360
6362
6379
6403
6403
6405
6409
6413
6413
6430
6434
6435
6441
6450
6455
6461
6476
6495
6502
6545
6548
6551
6565
6585
6585
6606
6612
6615
6625
6632
6633
6640
6661
6665
6678
6680
6683
6684
6686
6690
6698
6710
6712
6712
6720
6721
6726
6733
6744
6759
6784
6787
6788
6805
6806
6811
6817
6836
6842
6852
6854
6879
6926
6927
6934
6938
6942
6945
6951
6976
6985
7012
7014
7017
7028
7048
7058
7069
7105
7109
7132
7134
7134
7143
7153
7163
7171
7173
7179
7188
7190
7192
7196
7230
7230
7230
7231
7239
7241
7286
7297
7298
7329
7332
7334
7364
7367
7395
7398
7409
7414
7415
7425
7432
7446
7453
7463
7464
7471
7503
7561
7578
7579
7585
7596
7602
7609
7621
7644
7647
7651
7651
7671
7678
7681
7682
7683
7684
7709
7710
7711
7713
7715
7737
7740
7746
7747
7753
7754
7770
7775
7806
7827
7829
7830
7833
7882
7884
7889
7890
7897
7898
7902
7903
7905
7913
7916
7924
7943
7964
7981
8004
8010
8017
8035
8046
8046
8055
8060
8062
8062
8080
8084
8099
8107
8135
8144
8146
8185
8189
8197
8198
8206
8217
8219
8220
8221
8241
8243
8250
8266
8270
8279
8292
8303
8310
8314
8316
8331
8338
8340
8345
8352
8371
8374
8376
8377
8379
8409
8417
8428
8437
8440
8445
8446
8451
8456
8459
8483
8493
8503
8514
8517
8525
8536
8544
8553
8578
8585
8586
8603
8619
8621
8632
8641
8642
8671
8676
8685
8713
8714
8747
8748
8755
8765
8765
8773
8776
8804
8814
8826
8840
8843
8846
8852
8864
8884
8897
8910
8920
8924
8938
8942
8942
8946
8953
8962
8962
8964
8978
8988
9009
9020
9020
9024
9025
9030
9036
9051
9052
9076
9082
9087
9092
9093
9099
9115
9118
9149
9149
9159
9191
9194
9197
9205
9223
9243
9245
9247
9250
9254
9269
9270
9278
9286
9286
9289
9313
9319
9323
9324
9334
9343
9355
9396
9409
9410
9416
9419
9437
9449
9459
9479
9510
9544
9553
9559
9566
9568
9585
9589
9596
9622
9630
9670
9677
9683
9684
9685
9711
9717
9719
9721
9730
9737
9749
9752
9758
9770
9772
9779
9789
9802
9809
9815
9817
9825
9830
9835
9842
9849
9859
9859
9862
9874
9875
9893
9900
9901
9903
9917
9924
9930
9953
9959
9968
9976
9976
9983
9996
9999
